2.705879999999999927e+04
2.679959674625296248e+04
2.654272347322191854e+04
2.628816874999054198e+04
2.603592114564251096e+04
2.578596922926150000e+04
2.553830156993118726e+04
2.529290673673525089e+04
2.504977329875736541e+04
2.480888982508121262e+04
2.457024488479046340e+04
2.433382704696879591e+04
2.409962488069988467e+04
2.386762695506741511e+04
2.363782183915505811e+04
2.341019810204649184e+04
2.318474431282538717e+04
2.296144904057543317e+04
2.274030085438030073e+04
2.252128832332366437e+04
2.230440001648919861e+04
2.208962450296058523e+04
2.187695035182150241e+04
2.166636613215562465e+04
2.145786041304662649e+04
2.125142176357818971e+04
2.104703875283398156e+04
2.084469994989769839e+04
2.064439392385299288e+04
2.044610924378356140e+04
2.024983447877307117e+04
2.005555819790519672e+04
1.986326897026362349e+04
1.967295536493202235e+04
1.948460595099406783e+04
1.929820929753344899e+04
1.911375397363382581e+04
1.893122854837888735e+04
1.875062159085230815e+04
1.857192167013776270e+04
1.839511735531892919e+04
1.822019721547948575e+04
1.804714981970310691e+04
1.787596373707347084e+04
1.770662753667424840e+04
1.753912978758912868e+04
1.737345905890177892e+04
1.720960391969587727e+04
1.704755293905510189e+04
1.688729468606313458e+04
1.672881772980364258e+04
1.657211063936030769e+04
1.641716198381681170e+04
1.626396033225682186e+04
1.611249425376402360e+04
1.596275231742208598e+04
1.581472309231469262e+04
1.566839514752551440e+04
1.552375705213823676e+04
1.538079737523652693e+04
1.523950468590406490e+04
1.509986755322452882e+04
1.496187454628159685e+04
1.482551423415894533e+04
1.469077518594025059e+04
1.455764597070918535e+04
1.442611515754942957e+04
1.429617131554466141e+04
1.416780301377856085e+04
1.404099882133479696e+04
1.391574730729705334e+04
1.379203704074900088e+04
1.366985659077432319e+04
1.354919452645669298e+04
1.343003941687978477e+04
1.331237983112727852e+04
1.319620433828285059e+04
1.308150150743018094e+04
1.296825990765294046e+04
1.285646810803480912e+04
1.274611467765946509e+04
1.263718818561058288e+04
1.252967720097184065e+04
1.242357029282691838e+04
1.231885603025948694e+04
1.221552298235322451e+04
1.211355971819181104e+04
1.201295480685892107e+04
1.191369681743823094e+04
1.181577431901341879e+04
1.171917588066816097e+04
1.162389007148613564e+04
1.152990546055101731e+04
1.143721061694648597e+04
1.134579410975621795e+04
1.125564450806388413e+04
1.116675038095316995e+04
1.107910029750774629e+04
1.099268282681129131e+04
1.090748653794748498e+04
1.082350000000000000e+04
1.074071178205251636e+04
1.065911045318870856e+04
1.057868458249225478e+04
1.049942273904683134e+04
1.042131349193611459e+04
1.034434541024378268e+04
1.026850706305351378e+04
1.019378701944898057e+04
1.012017384851386305e+04
1.004765611933183754e+04
9.976222400986580396e+03
9.905861262561767944e+03
9.836561273141080164e+03
9.768311001808189758e+03
9.701099017646774882e+03
9.634913889740511877e+03
9.569744187173082537e+03
9.505578479028155925e+03
9.442405334389413838e+03
9.380213322340534432e+03
9.318991011965188591e+03
9.258726972347059927e+03
9.199409772569821143e+03
9.141027981717148577e+03
9.083570168872722206e+03
9.027024903120218369e+03
8.971380753543307947e+03
8.916626289225678192e+03
8.862750079250996350e+03
8.809740692702946035e+03
8.757586698665201766e+03
8.706276666221438063e+03
8.655799164455334903e+03
8.606142762450568625e+03
8.557296029290813749e+03
8.509247534059752070e+03
8.461985845841054470e+03
8.415499533718400926e+03
8.369777166775467776e+03
8.324807314095934998e+03
8.280578544763471655e+03
8.237079427861763179e+03
8.194298532474482272e+03
8.152224427685307091e+03
8.110845682577913067e+03
8.070150866235976537e+03
8.030128547743175659e+03
7.990767296183185863e+03
7.952055680639688035e+03
7.913982270196355785e+03
7.876535633936864542e+03
7.839704340944894284e+03
7.803476960304120439e+03
7.767842061098220256e+03
7.732788212410870983e+03
7.698303983325748959e+03
7.664377942926529613e+03
7.630998660296892012e+03
7.598154704520511586e+03
7.565834644681066493e+03
7.534027049862233980e+03
7.502720489147688568e+03
7.471903531621107504e+03
7.441564746366169857e+03
7.411692702466551054e+03
7.382275969005927436e+03
7.353303115067977160e+03
7.324762709736376564e+03
7.296643322094801078e+03
7.268933521226928860e+03
7.241621876216438068e+03
7.214696956147004130e+03
7.188147330102303386e+03
7.161961567166012173e+03
7.136128236421809561e+03
7.110635906953371887e+03
7.085473147844375490e+03
7.060628528178496708e+03
7.036090617039412791e+03
7.011847983510800077e+03
6.987889196676335814e+03
6.964202825619698160e+03
6.940777439424563454e+03
6.917601607174607125e+03
6.894663897953506421e+03
6.871952880844939500e+03
6.849457124932581792e+03
6.827165199300111453e+03
6.805065673031203914e+03
6.783147115209537333e+03
6.761398094918787137e+03
6.739807181242630577e+03
6.718362943264748537e+03
6.697053950068810082e+03
6.675868770738499734e+03
6.654795974357488376e+03
6.633824130009454166e+03
6.612941806778078899e+03
6.592137573747036186e+03
6.571399999999999636e+03
6.550719541636973190e+03
6.530094202823247542e+03
6.509523874740439169e+03
6.489008448570164546e+03
6.468547815494038332e+03
6.448141866693677002e+03
6.427790493350694305e+03
6.407493586646708536e+03
6.387251037763333443e+03
6.367062737882186411e+03
6.346928578184881189e+03
6.326848449853036072e+03
6.306822244068263899e+03
6.286849852012183874e+03
6.266931164866407926e+03
6.247066073812552531e+03
6.227254470032235986e+03
6.207496244707071128e+03
6.187791289018676252e+03
6.168139494148665108e+03
6.148540751278653261e+03
6.128994951590258097e+03
6.109501986265093365e+03
6.090061746484776450e+03
6.070674123430922009e+03
6.051339008285145610e+03
6.032056292229064638e+03
6.012825866444293752e+03
5.993647622112447607e+03
5.974521450415142681e+03
5.955447242533995450e+03
5.936424889650620571e+03
5.917454282946635431e+03
5.898535313603652867e+03
5.879667872803291175e+03
5.860851851727164103e+03
5.842087141556889947e+03
5.823373633474081544e+03
5.804711218660356280e+03
5.786099788297330633e+03
5.767539233566617440e+03
5.749029445649834997e+03
5.730570315728597052e+03
5.712161734984520990e+03
5.693803594599222379e+03
5.675495785754316785e+03
5.657238199631418865e+03
5.639030727412146007e+03
5.620873260278111047e+03
5.602765689410933192e+03
5.584707905992226188e+03
5.566699801203606512e+03
5.548741266226689731e+03
5.530832192243090503e+03
5.512972470434425304e+03
5.495161991982310610e+03
5.477400648068360169e+03
5.459688329874192277e+03
5.442024928581420681e+03
5.424410335371661859e+03
5.406844441426532285e+03
5.389327137927646618e+03
5.371858316056618605e+03
5.354437866995068362e+03
5.337065681924607816e+03
5.319741652026855263e+03
5.302465668483424452e+03
5.285237622475931857e+03
5.268057405185993957e+03
5.250924907795224499e+03
5.233840021485241778e+03
5.216802637437660451e+03
5.199812646834095176e+03
5.182869940856162430e+03
5.165974410685478688e+03
5.149125947503657699e+03
5.132324442492316848e+03
5.115569786833071703e+03
5.098861871707536920e+03
5.082200588297330796e+03
5.065585827784064350e+03
5.049017481349358604e+03
5.032495440174825490e+03
5.016019595442083300e+03
4.999589838332743966e+03
4.983206060028427601e+03
4.966868151710747952e+03
4.950576004561320588e+03
4.934329509761761983e+03
4.918128558493684977e+03
4.901973041938710594e+03
4.885862851278448034e+03
4.869797877694519229e+03
4.853778012368537020e+03
4.837803146482116972e+03
4.821873171216873743e+03
4.805987977754426538e+03
4.790147457276386376e+03
4.774351500964373372e+03
4.758600000000000364e+03
4.742892990199592532e+03
4.727231085918299868e+03
4.711615046145985616e+03
4.696045629872509380e+03
4.680523596087729857e+03
4.665049703781510289e+03
4.649624711943708462e+03
4.634249379564183982e+03
4.618924465632801002e+03
4.603650729139415489e+03
4.588428929073891595e+03
4.573259824426087107e+03
4.558144174185861630e+03
4.543082737343078406e+03
4.528076272887596133e+03
4.513125539809274414e+03
4.498231297097973766e+03
4.483394303743555611e+03
4.468615318735880464e+03
4.453895101064807022e+03
4.439234409720197618e+03
4.424634003691909129e+03
4.410094641969805707e+03
4.395617083543745139e+03
4.381202087403589758e+03
4.366850412539199169e+03
4.352562817940431160e+03
4.338340062597148972e+03
4.324182905499213120e+03
4.310092105636482302e+03
4.296068421998817030e+03
4.282112613576077820e+03
4.268225439358125186e+03
4.254407658334819644e+03
4.240660029496021707e+03
4.226983311831590072e+03
4.213378264331387072e+03
4.199845645985272313e+03
4.186386215783105399e+03
4.173000732714747755e+03
4.159689955770058987e+03
4.146454643938897789e+03
4.133295556211128314e+03
4.120213451576608350e+03
4.107209089025197500e+03
4.094283227546759008e+03
4.081436626131149751e+03
4.068670043768232517e+03
4.055984239447866457e+03
4.043379972159912541e+03
4.030858000894229917e+03
4.018419084640680012e+03
4.006063982389123339e+03
3.993793453129419049e+03
3.981608255851428112e+03
3.969509149545011041e+03
3.957496893200027444e+03
3.945572245806338287e+03
3.933735966353804088e+03
3.921988813832283995e+03
3.910331547231639888e+03
3.898764925541730008e+03
3.887289707752417144e+03
3.875906652853560445e+03
3.864616519835019062e+03
3.853420067686654420e+03
3.842318055398327488e+03
3.831311241959897870e+03
3.820400386361225628e+03
3.809586247592171276e+03
3.798869584642594418e+03
3.788251156502356935e+03
3.777731722161318885e+03
3.767312040609339419e+03
3.756992870836278598e+03
3.746774971831998300e+03
3.736659102586358131e+03
3.726646022089218604e+03
3.716736489330438872e+03
3.706931263299880356e+03
3.697231102987403119e+03
3.687636767382868584e+03
3.678149015476135446e+03
3.668768606257063766e+03
3.659496298715515422e+03
3.650332851841349111e+03
3.641279024624426711e+03
3.632335576054607827e+03
3.623503265121752520e+03
3.614782850815720849e+03
3.606175092126373784e+03
3.597680748043571839e+03
3.589300577557175075e+03
3.581035339657042641e+03
3.572885793333035963e+03
3.564852697575016009e+03
3.556936811372841930e+03
3.549138893716374696e+03
3.541459703595473911e+03
3.533900000000000091e+03
3.526460232164660738e+03
3.519139610303552672e+03
3.511937034875617428e+03
3.504851406339799723e+03
3.497881625155041093e+03
3.491026591780284889e+03
3.484285206674475376e+03
3.477656370296554087e+03
3.471138983105464831e+03
3.464731945560150507e+03
3.458434158119554922e+03
3.452244521242620067e+03
3.446161935388289294e+03
3.440185301015505502e+03
3.434313518583212499e+03
3.428545488550352275e+03
3.422880111375869546e+03
3.417316287518705394e+03
3.411852917437803626e+03
3.406488901592108505e+03
3.401223140440560655e+03
3.396054534442105705e+03
3.390981984055685189e+03
3.386004389740242004e+03
3.381120651954720870e+03
3.376329671158062411e+03
3.371630347809211344e+03
3.367021582367111023e+03
3.362502275290702983e+03
3.358071327038931940e+03
3.353727638070739431e+03
3.349470108845069717e+03
3.345297639820865243e+03
3.341209131457069361e+03
3.337203484212624517e+03
3.333279598546474517e+03
3.329436374917562716e+03
3.325672713784831103e+03
3.321987515607223031e+03
3.318379680843681854e+03
3.314848109953150924e+03
3.311391703394572232e+03
3.308009361626890040e+03
3.304699985109046793e+03
3.301462474299985388e+03
3.298295729658649634e+03
3.295198651643981520e+03
3.292170140714925310e+03
3.289209097330423447e+03
3.286314421949418374e+03
3.283485015030854356e+03
3.280719777033673381e+03
3.278017608416819712e+03
3.275377409639235339e+03
3.272798081159862704e+03
3.270278523437647436e+03
3.267817636931530160e+03
3.265414322100454683e+03
3.263067479403364359e+03
3.260776009299201633e+03
3.258538812246910766e+03
3.256354788705433293e+03
3.254222839133713023e+03
3.252141863990693764e+03
3.250110763735317050e+03
3.248128438826526690e+03
3.246193789723266491e+03
3.244305716884478443e+03
3.242463120769105899e+03
3.240664901836091303e+03
3.238909960544378919e+03
3.237197197352911644e+03
3.235525512720631923e+03
3.233893807106483109e+03
3.232300980969407647e+03
3.230745934768349343e+03
3.229227568962251553e+03
3.227744784010056264e+03
3.226296480370708196e+03
3.224881558503147517e+03
3.223498918866320309e+03
3.222147461919168563e+03
3.220826088120634722e+03
3.219533697929662594e+03
3.218269191805195078e+03
3.217031470206174617e+03
3.215819433591545021e+03
3.214631982420249187e+03
3.213468017151230470e+03
3.212326438243430857e+03
3.211206146155794158e+03
3.210106041347263726e+03
3.209025024276782005e+03
3.207961995403292804e+03
3.206915855185738110e+03
3.205885504083062187e+03
3.204869842554206571e+03
3.203867771058115977e+03
3.202878190053732851e+03
3.201900000000000091e+03
3.200932247141764492e+03
3.199974560867490254e+03
3.199026716351544110e+03
3.198088488768294155e+03
3.197159653292106668e+03
3.196239985097350200e+03
3.195329259358391937e+03
3.194427251249599522e+03
3.193533735945340140e+03
3.192648488619981435e+03
3.191771284447890594e+03
3.190901898603435257e+03
3.190040106260982611e+03
3.189185682594899845e+03
3.188338402779555508e+03
3.187498041989316789e+03
3.186664375398549964e+03
3.185837178181624040e+03
3.185016225512905294e+03
3.184201292566761367e+03
3.183392154517559902e+03
3.182588586539668995e+03
3.181790363807455378e+03
3.180997261495285784e+03
3.180209054777529218e+03
3.179425518828552413e+03
3.178646428822723010e+03
3.177871559934407742e+03
3.177100687337975160e+03
3.176333586207791996e+03
3.175570031718225437e+03
3.174809799043644034e+03
3.174052663358414065e+03
3.173298399836903172e+03
3.172546783653479906e+03
3.171797589982510544e+03
3.171050593998362729e+03
3.170305570875404555e+03
3.169562295788003212e+03
3.168820543910524975e+03
3.168080090417339306e+03
3.167340710482812028e+03
3.166602179281311237e+03
3.165864271987204575e+03
3.165126763774859228e+03
3.164389429818642384e+03
3.163652045292922594e+03
3.162914385372065681e+03
3.162176225230440195e+03
3.161437340042413325e+03
3.160697504982352712e+03
3.159956495224625087e+03
3.159214085943599002e+03
3.158470052313641190e+03
3.157724169509119292e+03
3.156976212704400950e+03
3.156225957073853351e+03
3.155473177791843227e+03
3.154717650032739584e+03
3.153959148970908700e+03
3.153197449780718216e+03
3.152432327636536229e+03
3.151663557712729471e+03
3.150890915183666039e+03
3.150114175223712664e+03
3.149333113007236989e+03
3.148547503708607110e+03
3.147757122502189304e+03
3.146961744562352578e+03
3.146161145063462300e+03
3.145355099179887929e+03
3.144543382085996200e+03
3.143725768956154297e+03
3.142902034964730319e+03
3.142071955286090542e+03
3.141235305094603973e+03
3.140391859564636889e+03
3.139541393870556476e+03
3.138683683186731287e+03
3.137818502687528053e+03
3.136945627547314416e+03
3.136064832940458018e+03
3.135175894041326501e+03
3.134278586024286597e+03
3.133372684063705947e+03
3.132457963333952648e+03
3.131534199009393433e+03
3.130601166264395943e+03
3.129658640273327819e+03
3.128706396210556250e+03
3.127744209250448876e+03
3.126771854567373339e+03
3.125789107335696372e+03
3.124795742729786980e+03
3.123791535924010532e+03
3.122776262092736033e+03
3.121749696410329761e+03
3.120711614051159813e+03
3.119661790189594285e+03
3.118599999999999909e+03
3.117526092268280536e+03
3.116440210226486670e+03
3.115342570718206389e+03
3.114233390587026406e+03
3.113112886676532526e+03
3.111981275830313734e+03
3.110838774891956746e+03
3.109685600705047364e+03
3.108521970113174575e+03
3.107348099959924184e+03
3.106164207088883359e+03
3.104970508343640631e+03
3.103767220567781806e+03
3.102554560604894050e+03
3.101332745298564987e+03
3.100101991492381785e+03
3.098862516029930703e+03
3.097614535754800272e+03
3.096358267510576752e+03
3.095093928140847311e+03
3.093821734489199116e+03
3.092541903399219791e+03
3.091254651714494685e+03
3.089960196278613694e+03
3.088658753935162167e+03
3.087350541527727273e+03
3.086035775899896635e+03
3.084714673895257874e+03
3.083387452357396342e+03
3.082054328129901023e+03
3.080715518056358633e+03
3.079371238980354974e+03
3.078021707745479034e+03
3.076667141195316617e+03
3.075307756173455346e+03
3.073943769523482388e+03
3.072575398088985366e+03
3.071202858713550540e+03
3.069826368240765532e+03
3.068446143514217511e+03
3.067062401377492733e+03
3.065675358674179279e+03
3.064285232247864315e+03
3.062892238942134554e+03
3.061496595600577166e+03
3.060098519066779772e+03
3.058698226184328178e+03
3.057295933796811369e+03
3.055891858747815604e+03
3.054486217880927143e+03
3.053079228039734517e+03
3.051671106067824439e+03
3.050262068808783624e+03
3.048852333106199694e+03
3.047442115803659362e+03
3.046031633744749342e+03
3.044621103773058167e+03
3.043210742732172093e+03
3.041800767465677836e+03
3.040391394817163473e+03
3.038982841630215717e+03
3.037575324748421281e+03
3.036169061015368243e+03
3.034764267274642862e+03
3.033361160369832305e+03
3.031959957144524196e+03
3.030560874442305703e+03
3.029164129106763085e+03
3.027769937981485327e+03
3.026378517910057326e+03
3.024990085736067158e+03
3.023604858303102446e+03
3.022223052454749904e+03
3.020844885034596246e+03
3.019470572886229547e+03
3.018100332853236068e+03
3.016734381779202522e+03
3.015372936507717895e+03
3.014016213882368447e+03
3.012664430746739981e+03
3.011317803944421030e+03
3.009976550318999216e+03
3.008640886714059434e+03
3.007311029973191580e+03
3.005987196939981459e+03
3.004669604458014874e+03
3.003358469370881721e+03
3.002054008522166896e+03
3.000756438755458475e+03
2.999465976914344083e+03
2.998182839842409521e+03
2.996907244383242414e+03
2.995639407380430384e+03
2.994379545677561055e+03
2.993127876118219319e+03
2.991884615545994620e+03
2.990649980804473671e+03
2.989424188737241820e+03
2.988207456187888965e+03
2.987000000000000000e+03
2.985801946785112705e+03
2.984613062226560487e+03
2.983433021775629186e+03
2.982261500883601911e+03
2.981098175001761319e+03
2.979942719581393703e+03
2.978794810073782173e+03
2.977654121930210295e+03
2.976520330601961632e+03
2.975393111540322025e+03
2.974272140196574583e+03
2.973157092022002416e+03
2.972047642467890910e+03
2.970943466985523628e+03
2.969844241026184136e+03
2.968749640041156908e+03
2.967659339481725965e+03
2.966573014799174871e+03
2.965490341444788100e+03
2.964410994869849674e+03
2.963334650525643156e+03
2.962260983863453930e+03
2.961189670334564198e+03
2.960120385390259344e+03
2.959052804481822022e+03
2.957986603060538073e+03
2.956921456577689696e+03
2.955857040484561821e+03
2.954793030232438923e+03
2.953729101272604112e+03
2.952664929056341407e+03
2.951600189034935738e+03
2.950534556659670670e+03
2.949467707381829769e+03
2.948399316652697507e+03
2.947329059923557907e+03
2.946256612645694986e+03
2.945181650270392765e+03
2.944103848248935265e+03
2.943022882032605594e+03
2.941938427072689592e+03
2.940850158820469915e+03
2.939757752727231036e+03
2.938660884244256067e+03
2.937559228822831301e+03
2.936452461914238938e+03
2.935340258969762544e+03
2.934222295440687503e+03
2.933098246778297380e+03
2.931967788433876649e+03
2.930830595858707966e+03
2.929686344504076715e+03
2.928534709821266460e+03
2.927375367261560768e+03
2.926207992276244113e+03
2.925032260316600514e+03
2.923847846833913991e+03
2.922654427279468564e+03
2.921451677104548253e+03
2.920239271760436623e+03
2.919016886698418602e+03
2.917784197369777758e+03
2.916540879225797653e+03
2.915286607717762763e+03
2.914021058296957563e+03
2.912743906414665616e+03
2.911454827522170035e+03
2.910153497070756202e+03
2.908839590511707684e+03
2.907512783296308044e+03
2.906172750875842667e+03
2.904819168701594208e+03
2.903451712224846233e+03
2.902070056896885035e+03
2.900673878168992360e+03
2.899262851492453137e+03
2.897836652318551387e+03
2.896394956098572038e+03
2.894937438283797292e+03
2.893463774325511622e+03
2.891973639675000413e+03
2.890466709783546321e+03
2.888942660102433820e+03
2.887401166082947384e+03
2.885841903176370124e+03
2.884264546833986060e+03
2.882668772507080121e+03
2.881054255646936326e+03
2.879420671704837332e+03
2.877767696132068522e+03
2.876095004379913917e+03
2.874402271899656171e+03
2.872689174142580669e+03
2.870955386559971430e+03
2.869200584603111110e+03
2.867424443723285094e+03
2.865626639371776946e+03
2.863806846999871141e+03
2.861964742058849879e+03
2.860099999999999909e+03
2.858212416291269165e+03
2.856302266467268964e+03
2.854369946079275906e+03
2.852415850678567040e+03
2.850440375816420328e+03
2.848443917044110549e+03
2.846426869912915663e+03
2.844389629974112722e+03
2.842332592778976959e+03
2.840256153878786790e+03
2.838160708824818357e+03
2.836046653168348712e+03
2.833914382460654451e+03
2.831764292253012172e+03
2.829596778096698472e+03
2.827412235542991311e+03
2.825211060143166378e+03
2.822993647448500269e+03
2.820760393010270036e+03
2.818511692379753185e+03
2.816247941108225859e+03
2.813969534746965110e+03
2.811676868847247533e+03
2.809370338960350182e+03
2.807050340637548288e+03
2.804717269430121178e+03
2.802371520889344083e+03
2.800013490566494511e+03
2.797643574012848148e+03
2.795262166779682502e+03
2.792869664418274624e+03
2.790466462479901111e+03
2.788052956515838559e+03
2.785629542077364022e+03
2.783196614715753640e+03
2.780754569982284920e+03
2.778303803428234005e+03
2.775844710604878401e+03
2.773377687063494704e+03
2.770903128355359513e+03
2.768421430031749424e+03
2.765932987643941033e+03
2.763438196743212302e+03
2.760937452880838464e+03
2.758431151608097480e+03
2.755919688476265947e+03
2.753403459036620006e+03
2.750882858840437166e+03
2.748358283438993567e+03
2.745830128383566716e+03
2.743298789225432756e+03
2.740764661515868738e+03
2.738228140806151714e+03
2.735689622647557826e+03
2.733149502591364126e+03
2.730608176188848120e+03
2.728066038991285041e+03
2.725523486549953304e+03
2.722980914416129053e+03
2.720438718141088430e+03
2.717897293276109394e+03
2.715357035372467635e+03
2.712818339981440658e+03
2.710281602654305061e+03
2.707747218942337895e+03
2.705215584396814847e+03
2.702687094569013880e+03
2.700162145010211134e+03
2.697641131271684117e+03
2.695124448904709425e+03
2.692612493460562746e+03
2.690105660490522041e+03
2.687604345545863453e+03
2.685108944177864487e+03
2.682619851937801286e+03
2.680137464376950447e+03
2.677662177046589932e+03
2.675194385497994972e+03
2.672734485282443529e+03
2.670282871951211746e+03
2.667839941055576674e+03
2.665406088146815364e+03
2.662981708776204414e+03
2.660567198495019511e+03
2.658162952854539071e+03
2.655769367406039237e+03
2.653386837700796605e+03
2.651015759290088226e+03
2.648656527725190699e+03
2.646309538557381074e+03
2.643975187337935949e+03
2.641653869618131921e+03
2.639345980949246041e+03
2.637051916882554451e+03
2.634772072969335113e+03
2.632506844760864169e+03
2.630256627808418671e+03
2.628021817663274760e+03
2.625802809876709489e+03
2.623599999999999909e+03
2.621413697049811162e+03
2.619243863904363934e+03
2.617090376907266545e+03
2.614953112402128681e+03
2.612831946732557753e+03
2.610726756242163447e+03
2.608637417274554991e+03
2.606563806173340254e+03
2.604505799282128464e+03
2.602463272944529308e+03
2.600436103504151106e+03
2.598424167304601724e+03
2.596427340689490848e+03
2.594445500002427707e+03
2.592478521587020168e+03
2.590526281786877917e+03
2.588588656945610182e+03
2.586665523406824377e+03
2.584756757514130186e+03
2.582862235611136384e+03
2.580981834041451293e+03
2.579115429148685052e+03
2.577262897276445074e+03
2.575424114768341951e+03
2.573598957967982642e+03
2.571787303218976831e+03
2.569989026864932839e+03
2.568204005249460351e+03
2.566432114716167689e+03
2.564673231608664082e+03
2.562927232270557852e+03
2.561193993045458683e+03
2.559473390276973987e+03
2.557765300308713904e+03
2.556069599484286755e+03
2.554386164147301770e+03
2.552714870641366815e+03
2.551055595310092485e+03
2.549408214497085737e+03
2.547772604545956710e+03
2.546148641800312816e+03
2.544536202603764650e+03
2.542935163299920077e+03
2.541345400232387874e+03
2.539766789744777725e+03
2.538199208180697497e+03
2.536642531883756874e+03
2.535096637197563268e+03
2.533561400465726820e+03
2.532036698031856304e+03
2.530522406239560041e+03
2.529018401432447718e+03
2.527524559954127199e+03
2.526040758148207715e+03
2.524566872358298042e+03
2.523102778928007410e+03
2.521648354200943686e+03
2.520203474520717464e+03
2.518768016230935700e+03
2.517341855675208535e+03
2.515924869197143835e+03
2.514516933140350829e+03
2.513117923848438750e+03
2.511727717665015916e+03
2.510346190933692469e+03
2.508973219998074910e+03
2.507608681201773834e+03
2.506252450888397561e+03
2.504904405401554868e+03
2.503564421084854530e+03
2.502232374281906232e+03
2.500908141336318295e+03
2.499591598591698585e+03
2.498282622391657242e+03
2.496981089079802132e+03
2.495686874999743395e+03
2.494399856495088443e+03
2.493119909909447415e+03
2.491846911586428178e+03
2.490580737869639961e+03
2.489321265102691541e+03
2.488068369629191693e+03
2.486821927792749648e+03
2.485581815936973726e+03
2.484347910405473158e+03
2.483120087541856719e+03
2.481898223689732731e+03
2.480682195192710878e+03
2.479471878394399482e+03
2.478267149638407318e+03
2.477067885268343616e+03
2.475873961627817152e+03
2.474685255060436248e+03
2.473501641909810132e+03
2.472322998519547582e+03
2.471149201233257827e+03
2.469980126394549188e+03
2.468815650347030896e+03
2.467655649434311727e+03
2.466500000000000000e+03
2.465348608109485212e+03
2.464201498715274283e+03
2.463058726491656671e+03
2.461920346112918196e+03
2.460786412253348772e+03
2.459656979587235128e+03
2.458532102788864449e+03
2.457411836532526195e+03
2.456296235492506639e+03
2.455185354343095241e+03
2.454079247758577822e+03
2.452977970413244293e+03
2.451881576981381386e+03
2.450790122137276740e+03
2.449703660555219358e+03
2.448622246909495061e+03
2.447545935874393763e+03
2.446474782124202648e+03
2.445408840333208900e+03
2.444348165175701524e+03
2.443292811325966795e+03
2.442242833458293717e+03
2.441198286246969474e+03
2.440159224366283070e+03
2.439125702490521235e+03
2.438097775293972518e+03
2.437075497450923649e+03
2.436058923635663632e+03
2.435048108522479652e+03
2.434043106785660711e+03
2.433043973099492632e+03
2.432050762138264872e+03
2.431063528576264162e+03
2.430082327087779504e+03
2.429107212347098539e+03
2.428138239028507542e+03
2.427175461806296425e+03
2.426218935354751920e+03
2.425268714348162121e+03
2.424324853460814666e+03
2.423387407366998104e+03
2.422456430740999622e+03
2.421531978257106402e+03
2.420614104589608360e+03
2.419702864412791314e+03
2.418798312400943814e+03
2.417900503228353955e+03
2.417009491569309375e+03
2.416125332098097715e+03
2.415248079489006614e+03
2.414377788416325529e+03
2.413514513554339828e+03
2.412658309577339423e+03
2.411809231159611045e+03
2.410967332975442787e+03
2.410132669699122289e+03
2.409305296004938100e+03
2.408485266567177405e+03
2.407672636060128298e+03
2.406867459158078418e+03
2.406069790535315860e+03
2.405279684866128264e+03
2.404497196824803723e+03
2.403722381085629422e+03
2.402955292322894365e+03
2.402195985210885738e+03
2.401444514423890723e+03
2.400700934636198326e+03
2.399965300522095731e+03
2.399237666755871487e+03
2.398518088011812324e+03
2.397806618964206791e+03
2.397103314287342528e+03
2.396408228655506718e+03
2.395721416742989277e+03
2.395042933224075568e+03
2.394372832773055052e+03
2.393711170064215366e+03
2.393057999771843242e+03
2.392413376570228138e+03
2.391777355133655874e+03
2.391149990136416818e+03
2.390531336252797701e+03
2.389921448157084797e+03
2.389320380523568474e+03
2.388728188026534554e+03
2.388144925340272039e+03
2.387570647139069024e+03
2.387005408097212239e+03
2.386449262888990233e+03
2.385902266188690646e+03
2.385364472670601572e+03
2.384835937009010195e+03
2.384316713878205064e+03
2.383806857952474274e+03
2.383306423906104555e+03
2.382815466413384456e+03
2.382334040148601616e+03
2.381862199786044584e+03
2.381400000000000091e+03
2.380947459212248759e+03
2.380504450834537693e+03
2.380070812026107433e+03
2.379646379946197612e+03
2.379230991754047409e+03
2.378824484608897365e+03
2.378426695669987112e+03
2.378037462096556283e+03
2.377656621047843601e+03
2.377284009683090972e+03
2.376919465161537119e+03
2.376562824642421219e+03
2.376213925284984271e+03
2.375872604248464995e+03
2.375538698692103480e+03
2.375212045775140268e+03
2.374892482656814536e+03
2.374579846496365917e+03
2.374273974453034498e+03
2.373974703686059911e+03
2.373681871354681334e+03
2.373395314618139764e+03
2.373114870635674833e+03
2.372840376566525720e+03
2.372571669569932055e+03
2.372308586805133928e+03
2.372050965431371878e+03
2.371798642607884631e+03
2.371551455493912272e+03
2.371309241248694889e+03
2.371071837031471205e+03
2.370839080001483126e+03
2.370610807317968920e+03
2.370386856140167765e+03
2.370167063627320658e+03
2.369951266938667686e+03
2.369739303233447117e+03
2.369531009670899948e+03
2.369326223410265811e+03
2.369124781610783884e+03
2.368926521431694709e+03
2.368731280032237464e+03
2.368538894571653145e+03
2.368349202209179566e+03
2.368162040104057724e+03
2.367977245415527705e+03
2.367794655302828232e+03
2.367614106925200304e+03
2.367435437441883096e+03
2.367258484012115787e+03
2.367083083795138919e+03
2.366909073950193033e+03
2.366736291636516398e+03
2.366564574013349102e+03
2.366393758239931685e+03
2.366223681475503327e+03
2.366054180879304113e+03
2.365885093610573676e+03
2.365716256828552105e+03
2.365547507692478575e+03
2.365378683361593630e+03
2.365209620995136447e+03
2.365040157752346659e+03
2.364870130792464806e+03
2.364699377274730523e+03
2.364527734358382986e+03
2.364355039202662283e+03
2.364181128966808501e+03
2.364005840810061272e+03
2.363829011891660230e+03
2.363650479370845005e+03
2.363470080406856596e+03
2.363287652158932360e+03
2.363103031786314659e+03
2.362916056448242216e+03
2.362726563303953753e+03
2.362534389512691178e+03
2.362339372233692757e+03
2.362141348626198578e+03
2.361940155849448729e+03
2.361735631062682842e+03
2.361527611425140549e+03
2.361315934096061937e+03
2.361100436234686640e+03
2.360880955000254744e+03
2.360657327552004972e+03
2.360429391049178776e+03
2.360196982651014423e+03
2.359959939516752456e+03
2.359718098805632508e+03
2.359471297676894665e+03
2.359219373289778105e+03
2.358962162803522915e+03
2.358699503377369183e+03
2.358431232170556996e+03
2.358157186342324167e+03
2.357877203051913057e+03
2.357591119458562389e+03
2.357298772721510886e+03
2.357000000000000000e+03
2.356694691041520855e+03
2.356382945946574637e+03
2.356064917403913569e+03
2.355740758102291693e+03
2.355410620730461687e+03
2.355074657977176230e+03
2.354733022531188453e+03
2.354385867081251945e+03
2.354033344316118018e+03
2.353675606924541626e+03
2.353312807595275444e+03
2.352945099017071243e+03
2.352572633878683064e+03
2.352195564868863585e+03
2.351814044676366393e+03
2.351428225989943257e+03
2.351038261498348675e+03
2.350644303890334413e+03
2.350246505854653606e+03
2.349845020080060749e+03
2.349439999255306702e+03
2.349031596069145962e+03
2.348619963210331207e+03
2.348205253367614660e+03
2.347787619229749907e+03
2.347367213485490993e+03
2.346944188823589229e+03
2.346518697932798204e+03
2.346090893501871506e+03
2.345660928219561356e+03
2.345228954774620888e+03
2.344795125855803690e+03
2.344359594151862439e+03
2.343922512351549358e+03
2.343484033143618944e+03
2.343044309216822967e+03
2.342603493259915012e+03
2.342161737961648214e+03
2.341719196010775249e+03
2.341276020096048796e+03
2.340832362906222897e+03
2.340388377130049776e+03
2.339944215456282109e+03
2.339500030573673939e+03
2.339055975170977035e+03
2.338612201936945894e+03
2.338168863560332738e+03
2.337726112729889792e+03
2.337284102134370642e+03
2.336842984462529785e+03
2.336402912403117625e+03
2.335964038644888660e+03
2.335526515876596477e+03
2.335090496786992389e+03
2.334656134064830894e+03
2.334223580398864215e+03
2.333792988477845483e+03
2.333364510990527833e+03
2.332938300625664397e+03
2.332514510072007397e+03
2.332093292018310422e+03
2.331674799153327513e+03
2.331259184165809529e+03
2.330846599744510968e+03
2.330437198578184962e+03
2.330031133355583279e+03
2.329628556765459507e+03
2.329229621496567688e+03
2.328834480237659591e+03
2.328443285677487893e+03
2.328056190504807546e+03
2.327673347408369409e+03
2.327294909076927070e+03
2.326921028199235025e+03
2.326551857464043678e+03
2.326187549560107982e+03
2.325828257176181069e+03
2.325474133001014707e+03
2.325125329723362483e+03
2.324782000031977532e+03
2.324444296615612529e+03
2.324112372163020609e+03
2.323786379362954904e+03
2.323466470904168091e+03
2.323152799475414213e+03
2.322845517765444583e+03
2.322544778463013245e+03
2.322250734256873784e+03
2.321963537835777970e+03
2.321683341888479390e+03
2.321410299103731177e+03
2.321144562170286008e+03
2.320886283776897017e+03
2.320635616612317335e+03
2.320392713365300096e+03
2.320157726724597069e+03
2.319930809378963659e+03
2.319712114017150270e+03
2.319501793327911400e+03
2.319300000000000182e+03
2.319106827921668355e+03
2.318922135779164819e+03
2.318745723458237535e+03
2.318577390844634920e+03
2.318416937824106299e+03
2.318264164282398269e+03
2.318118870105259703e+03
2.317980855178438560e+03
2.317849919387683258e+03
2.317725862618742212e+03
2.317608484757363385e+03
2.317497585689293828e+03
2.317392965300284231e+03
2.317294423476080283e+03
2.317201760102431763e+03
2.317114775065086178e+03
2.317033268249791945e+03
2.316957039542297025e+03
2.316885888828349835e+03
2.316819615993698790e+03
2.316758020924091852e+03
2.316700903505276983e+03
2.316648063623002145e+03
2.316599301163016207e+03
2.316554416011067133e+03
2.316513208052903337e+03
2.316475477174272328e+03
2.316441023260922975e+03
2.316409646198602786e+03
2.316381145873061087e+03
2.316355322170044928e+03
2.316331974975303183e+03
2.316310904174583357e+03
2.316291909653634320e+03
2.316274791298204036e+03
2.316259348994040920e+03
2.316245382626892479e+03
2.316232692082507583e+03
2.316221077246633740e+03
2.316210338005020276e+03
2.316200274243414242e+03
2.316190685847564509e+03
2.316181372703219040e+03
2.316172134696125340e+03
2.316162771712033191e+03
2.316153083636689644e+03
2.316142870355842661e+03
2.316131931755241567e+03
2.316120067720633415e+03
2.316107078137767076e+03
2.316092762892390056e+03
2.316076921870251226e+03
2.316059354957099004e+03
2.316039862038680440e+03
2.316018243000744860e+03
2.315994297729040227e+03
2.315967826109314501e+03
2.315938628027315644e+03
2.315906503368792073e+03
2.315871252019492204e+03
2.315832673865163997e+03
2.315790568791555415e+03
2.315744736684414875e+03
2.315694977429490791e+03
2.315641090912531581e+03
2.315582877019284297e+03
2.315520135635498718e+03
2.315452666646921443e+03
2.315380269939301343e+03
2.315302745398387287e+03
2.315219892909925875e+03
2.315131512359667340e+03
2.315037403633358281e+03
2.314937366616747113e+03
2.314831201195583162e+03
2.314718707255613026e+03
2.314599684682585576e+03
2.314473933362249682e+03
2.314341253180352396e+03
2.314201444022642590e+03
2.314054305774868226e+03
2.313899638322777719e+03
2.313737241552119031e+03
2.313566915348640578e+03
2.313388459598090321e+03
2.313201674186216678e+03
2.313006358998767155e+03
2.312802313921491532e+03
2.312589338840135952e+03
2.312367233640449740e+03
2.312135798208181313e+03
2.311894832429078178e+03
2.311644136188889206e+03
2.311383509373361903e+03
2.311112751868245141e+03
2.310831663559286426e+03
2.310540044332234629e+03
2.310237694072837257e+03
2.309924412666842727e+03
2.309599999999999909e+03
2.309264326071806863e+03
2.308917541336768409e+03
2.308559866363136280e+03
2.308191521719166758e+03
2.307812727973113851e+03
2.307423705693231568e+03
2.307024675447773006e+03
2.306615857804994448e+03
2.306197473333148537e+03
2.305769742600490190e+03
2.305332886175273870e+03
2.304887124625752676e+03
2.304432678520181526e+03
2.303969768426815335e+03
2.303498614913907659e+03
2.303019438549712504e+03
2.302532459902483879e+03
2.302037899540477611e+03
2.301535978031946343e+03
2.301026915945144538e+03
2.300510933848327113e+03
2.299988252309747622e+03
2.299459091897660528e+03
2.298923673180320293e+03
2.298382216725980925e+03
2.297834943102896432e+03
2.297282072879321731e+03
2.296723826623509922e+03
2.296160424903715921e+03
2.295592088288194645e+03
2.295019037345199195e+03
2.294441492642984031e+03
2.293859674749804071e+03
2.293273804233912870e+03
2.292684101663564888e+03
2.292090787607014590e+03
2.291494082632515529e+03
2.290894207308322166e+03
2.290291382202689420e+03
2.289685827883870388e+03
2.289077764920120444e+03
2.288467413879693140e+03
2.287854995330842939e+03
2.287240729841824304e+03
2.286624837980890788e+03
2.286007540316296854e+03
2.285389057416296964e+03
2.284769609849145581e+03
2.284149418183096259e+03
2.283528702986403459e+03
2.282907684827321646e+03
2.282286584274105280e+03
2.281665621895007916e+03
2.281045018258284017e+03
2.280424993932188499e+03
2.279805769484974462e+03
2.279187565484896822e+03
2.278570602500210043e+03
2.277955101099167678e+03
2.277341281850023734e+03
2.276729365321034038e+03
2.276119572080451235e+03
2.275512122696529786e+03
2.274907237737524611e+03
2.274305137771689715e+03
2.273706043367278653e+03
2.273110175092546797e+03
2.272517753515746790e+03
2.271928999205134460e+03
2.271344132728963359e+03
2.270763374655487496e+03
2.270186945552961333e+03
2.269615065989639788e+03
2.269047956533775960e+03
2.268485837753624310e+03
2.267928930217439756e+03
2.267377454493475398e+03
2.266831631149986606e+03
2.266291680755227844e+03
2.265757823877451756e+03
2.265230281084913713e+03
2.264709272945867269e+03
2.264195020028567797e+03
2.263687742901268393e+03
2.263187662132223977e+03
2.262694998289688556e+03
2.262209971941916137e+03
2.261732803657161185e+03
2.261263714003677705e+03
2.260802923549720163e+03
2.260350652863543019e+03
2.259907122513399827e+03
2.259472553067545505e+03
2.259047165094233605e+03
2.258631179161719501e+03
2.258224815838255836e+03
2.257828295692097981e+03
2.257441839291499946e+03
2.257065667204715737e+03
2.256699999999999818e+03
2.256344981991102941e+03
2.256000452473763744e+03
2.255666174489216246e+03
2.255341911078696285e+03
2.255027425283437879e+03
2.254722480144676865e+03
2.254426838703646808e+03
2.254140264001583091e+03
2.253862519079722006e+03
2.253593366979296661e+03
2.253332570741542895e+03
2.253079893407695181e+03
2.252835098018988901e+03
2.252597947616658075e+03
2.252368205241937630e+03
2.252145633936063859e+03
2.251929996740270326e+03
2.251721056695791958e+03
2.251518576843864139e+03
2.251322320225721796e+03
2.251132049882599404e+03
2.250947528855731434e+03
2.250768520186354181e+03
2.250594786915701206e+03
2.250426092085008804e+03
2.250262198735510083e+03
2.250102869908441335e+03
2.249947868645036579e+03
2.249796957986530742e+03
2.249649900974159664e+03
2.249506460649156907e+03
2.249366400052758763e+03
2.249229482226198797e+03
2.249095470210713302e+03
2.248964127047534930e+03
2.248835215777900885e+03
2.248708499443045184e+03
2.248583741084202757e+03
2.248460703742608075e+03
2.248339150459496068e+03
2.248218844276103027e+03
2.248099548233661608e+03
2.247981025373408102e+03
2.247863038736577437e+03
2.247745351364403632e+03
2.247627726298122980e+03
2.247509926578968589e+03
2.247391715248176752e+03
2.247272855346981487e+03
2.247153109916617723e+03
2.247032241998321751e+03
2.246910014633326682e+03
2.246786190862868352e+03
2.246660533728180781e+03
2.246532806270500259e+03
2.246402771531060353e+03
2.246270192551096898e+03
2.246134832371843913e+03
2.245996454034536782e+03
2.245854820580410887e+03
2.245709695050699793e+03
2.245560840486639790e+03
2.245408019929464444e+03
2.245250996420409592e+03
2.245089533000710162e+03
2.244923392711600172e+03
2.244752338594315916e+03
2.244576133690090501e+03
2.244394541040160220e+03
2.244207323685759093e+03
2.244014244668122956e+03
2.243815067028485828e+03
2.243609553808082637e+03
2.243397468048149221e+03
2.243178572789918690e+03
2.242952631074627789e+03
2.242719405943510537e+03
2.242478660437801864e+03
2.242230157598736696e+03
2.241973660467549962e+03
2.241708932085476135e+03
2.241435735493750599e+03
2.241153833733608735e+03
2.240862989846284108e+03
2.240562966873013011e+03
2.240253527855028551e+03
2.239934435833567477e+03
2.239605453849863807e+03
2.239266344945152014e+03
2.238916872160668390e+03
2.238556798537646500e+03
2.238185887117321272e+03
2.237803900940928088e+03
2.237410603049701422e+03
2.237005756484877111e+03
2.236589124287689174e+03
2.236160469499372994e+03
2.235719555161162134e+03
2.235266144314293342e+03
2.234800000000000182e+03
2.234320987363780205e+03
2.233829379968177363e+03
2.233325553479998234e+03
2.232809883566048029e+03
2.232282745893133779e+03
2.231744516128062514e+03
2.231195569937639448e+03
2.230636282988670246e+03
2.230067030947962394e+03
2.229488189482321559e+03
2.228900134258553862e+03
2.228303240943465426e+03
2.227697885203863279e+03
2.227084442706552181e+03
2.226463289118340072e+03
2.225834800106032162e+03
2.225199351336434574e+03
2.224557318476353885e+03
2.223909077192596669e+03
2.223255003151968594e+03
2.222595472021275782e+03
2.221930859467324808e+03
2.221261541156922249e+03
2.220587892756872861e+03
2.219910289933984131e+03
2.219229108355062635e+03
2.218544723686914040e+03
2.217857511596344466e+03
2.217167847750159581e+03
2.216476107815166870e+03
2.215782667458171545e+03
2.215087902345980638e+03
2.214392188145399814e+03
2.213695900523235650e+03
2.212999415146293359e+03
2.212303107681380425e+03
2.211607353795303425e+03
2.210912529154866661e+03
2.210219009426877619e+03
2.209527170278142876e+03
2.208837387375468097e+03
2.208150036385659405e+03
2.207465492975522920e+03
2.206784132811866129e+03
2.206106331561493334e+03
2.205432464891212021e+03
2.204762908467828765e+03
2.204098037958148325e+03
2.203438229028977275e+03
2.202783857347123103e+03
2.202135298579391474e+03
2.201492928392587601e+03
2.200857122453518969e+03
2.200228256428991244e+03
2.199606705985810549e+03
2.198992846790783460e+03
2.198387054510716098e+03
2.197789704812414584e+03
2.197201173362684585e+03
2.196621835828333587e+03
2.196052067876167257e+03
2.195492245172991716e+03
2.194942743385612630e+03
2.194403938180837031e+03
2.193876205225471040e+03
2.193359920186320323e+03
2.192855458730191913e+03
2.192363196523891929e+03
2.191883509234226040e+03
2.191416772528000365e+03
2.190963362072021482e+03
2.190523653533096422e+03
2.190098022578030395e+03
2.189686844873629525e+03
2.189290496086700841e+03
2.188909351884049556e+03
2.188543787932482246e+03
2.188194179898806397e+03
2.187860903449826765e+03
2.187544334252349472e+03
2.187244847973182004e+03
2.186962820279129573e+03
2.186698626836998301e+03
2.186452643313595217e+03
2.186225245375725535e+03
2.186016808690197195e+03
2.185827708923814498e+03
2.185658321743384477e+03
2.185509022815713706e+03
2.185380187807607399e+03
2.185272192385873041e+03
2.185185412217315843e+03
2.185120222968742837e+03
2.185077000306959690e+03
2.185056119898772977e+03
2.185057957410988820e+03
2.185082888510412431e+03
2.185131288863851751e+03
2.185203534138112445e+03
2.185300000000000182e+03
2.185420931553776882e+03
2.185566051653528120e+03
2.185734952590792545e+03
2.185927226657111987e+03
2.186142466144025548e+03
2.186380263343074148e+03
2.186640210545796890e+03
2.186921900043734695e+03
2.187224924128428938e+03
2.187548875091417813e+03
2.187893345224242239e+03
2.188257926818443138e+03
2.188642212165560068e+03
2.189045793557133038e+03
2.189468263284702516e+03
2.189909213639808968e+03
2.190368236913991950e+03
2.190844925398792384e+03
2.191338871385750281e+03
2.191849667166406107e+03
2.192376905032299419e+03
2.192920177274970683e+03
2.193479076185959912e+03
2.194053194056807570e+03
2.194642123179054124e+03
2.195245455844240041e+03
2.195862784343904423e+03
2.196493700969588190e+03
2.197137798012831354e+03
2.197794667765174381e+03
2.198463902518157283e+03
2.199145094563320072e+03
2.199837836192203213e+03
2.200541719696347172e+03
2.201256337367291508e+03
2.201981281496577139e+03
2.202716144375743625e+03
2.203460518296331429e+03
2.204213995549881020e+03
2.204976168427931952e+03
2.205746629222025604e+03
2.206524970223701075e+03
2.207310783724499288e+03
2.208103662015959799e+03
2.208903197389623074e+03
2.209708982137029125e+03
2.210520608549718872e+03
2.211337668919232328e+03
2.212159755537108595e+03
2.212986460694889502e+03
2.213817376684114606e+03
2.214652095796323465e+03
2.215490210323056999e+03
2.216331312555854765e+03
2.217174994786258139e+03
2.218020849305806678e+03
2.218868468406040392e+03
2.219717444378499749e+03
2.220567369514724305e+03
2.221417836106255891e+03
2.222268436444633153e+03
2.223118762821396558e+03
2.223968407528087027e+03
2.224816962856243663e+03
2.225664021097407840e+03
2.226509174543119116e+03
2.227352015484917501e+03
2.228192136214343918e+03
2.229029129022937923e+03
2.229862586202239982e+03
2.230692100043790560e+03
2.231517262839129671e+03
2.232337666879797325e+03
2.233152904457333989e+03
2.233962567863279673e+03
2.234766249389174391e+03
2.235563541326559516e+03
2.236354035966974152e+03
2.237137325601958310e+03
2.237913002523052910e+03
2.238680659021797510e+03
2.239439887389733030e+03
2.240190279918399028e+03
2.240931428899336424e+03
2.241662926624084776e+03
2.242384365384184548e+03
2.243095337471176208e+03
2.243795435176599312e+03
2.244484250791994782e+03
2.245161376608902629e+03
2.245826404918862863e+03
2.246478928013415498e+03
2.247118538184101453e+03
2.247744827722460286e+03
2.248357388920032918e+03
2.248955814068357995e+03
2.249539695458977349e+03
2.250108625383430535e+03
2.250662196133258021e+03
2.251199999999999818e+03
2.251721710521111618e+03
2.252227326217710925e+03
2.252716926856830469e+03
2.253190592205503435e+03
2.253648402030763464e+03
2.254090436099641920e+03
2.254516774179172444e+03
2.254927496036388675e+03
2.255322681438322888e+03
2.255702410152007815e+03
2.256066761944476639e+03
2.256415816582762545e+03
2.256749653833898265e+03
2.257068353464916981e+03
2.257371995242850517e+03
2.257660658934733419e+03
2.257934424307597510e+03
2.258193371128475974e+03
2.258437579164401996e+03
2.258667128182408305e+03
2.258882097949527633e+03
2.259082568232793619e+03
2.259268618799238538e+03
2.259440329415896031e+03
2.259597779849797917e+03
2.259741049867978290e+03
2.259870219237468973e+03
2.259985367725303604e+03
2.260086575098514913e+03
2.260173921124136541e+03
2.260247485569199853e+03
2.260307348200739398e+03
2.260353588785787451e+03
2.260386287091376744e+03
2.260405522884540460e+03
2.260411375932311330e+03
2.260403926001722994e+03
2.260383252859807271e+03
2.260349436273597803e+03
2.260302556010128228e+03
2.260242691836429458e+03
2.260169923519536496e+03
2.260084330826480709e+03
2.259985993524295736e+03
2.259874991380014762e+03
2.259751404160670518e+03
2.259615311633295732e+03
2.259466793564923591e+03
2.259305929722586825e+03
2.259132799873318163e+03
2.258947483784151245e+03
2.258750061222118347e+03
2.258540611954253109e+03
2.258319215747587805e+03
2.258085952369155166e+03
2.257840901585989286e+03
2.257584143165121986e+03
2.257315756873586452e+03
2.257035822478415866e+03
2.256744419746643416e+03
2.256441628445300921e+03
2.256127528341422476e+03
2.255802199202040811e+03
2.255465720794188201e+03
2.255118172884898740e+03
2.254759635241204251e+03
2.254390187630138371e+03
2.254009909818732922e+03
2.253618881574022453e+03
2.253217182663038329e+03
2.252804892852815101e+03
2.252382091910384133e+03
2.251948859602779521e+03
2.251505275697033994e+03
2.251051419960179828e+03
2.250587372159250208e+03
2.250113212061278318e+03
2.249629019433297799e+03
2.249134874042340016e+03
2.248630855655439063e+03
2.248117044039627672e+03
2.247593518961938116e+03
2.247060360189404037e+03
2.246517647489058618e+03
2.245965460627933680e+03
2.245403879373063319e+03
2.244832983491479808e+03
2.244252852750216334e+03
2.243663566916305626e+03
2.243065205756780870e+03
2.242457849038674794e+03
2.241841576529021040e+03
2.241216467994851428e+03
2.240582603203199142e+03
2.239940061921097822e+03
2.239288923915579289e+03
2.238629268953677638e+03
2.237961176802425143e+03
2.237284727228854990e+03
2.236599999999999909e+03
2.235907087761775529e+03
2.235206134675627254e+03
2.234497297781883390e+03
2.233780734120871784e+03
2.233056600732919833e+03
2.232325054658357658e+03
2.231586252937510835e+03
2.230840352610708578e+03
2.230087510718279191e+03
2.229327884300549613e+03
2.228561630397849058e+03
2.227788906050505830e+03
2.227009868298846413e+03
2.226224674183200023e+03
2.225433480743894506e+03
2.224636445021258169e+03
2.223833724055617949e+03
2.223025474887303062e+03
2.222211854556641356e+03
2.221393020103960680e+03
2.220569128569588884e+03
2.219740336993854271e+03
2.218906802417084691e+03
2.218068681879608448e+03
2.217226132421753391e+03
2.216379311083847824e+03
2.215528374906219597e+03
2.214673480929197012e+03
2.213814786193107466e+03
2.212952447738279716e+03
2.212086622605041157e+03
2.211217467833721003e+03
2.210345140464645738e+03
2.209469797538144121e+03
2.208591596094544911e+03
2.207710693174175503e+03
2.206827245817363291e+03
2.205941411064437489e+03
2.205053345955725945e+03
2.204163207531555599e+03
2.203271152832255666e+03
2.202377338898154449e+03
2.201481922769577977e+03
2.200585061486856375e+03
2.199686912090317037e+03
2.198787631620288721e+03
2.197887377117097913e+03
2.196986305621073825e+03
2.196084574172544308e+03
2.195182339811836300e+03
2.194279759579279471e+03
2.193376990515201214e+03
2.192474189659929834e+03
2.191571514053792725e+03
2.190669120737119101e+03
2.189767166750235447e+03
2.188865809133470975e+03
2.187965204927153081e+03
2.187065511171610524e+03
2.186166884907170697e+03
2.185269483174161451e+03
2.184373463012911543e+03
2.183478981463749733e+03
2.182586195567001596e+03
2.181695262362997255e+03
2.180806338892064559e+03
2.179919582194530904e+03
2.179035149310724137e+03
2.178153197280973473e+03
2.177273883145605851e+03
2.176397363944949575e+03
2.175523796719332950e+03
2.174653338509084278e+03
2.173786146354530956e+03
2.172922377296001287e+03
2.172062188373823574e+03
2.171205736628325667e+03
2.170353179099834961e+03
2.169504672828681123e+03
2.168660374855190639e+03
2.167820442219691813e+03
2.166985031962513403e+03
2.166154301123983259e+03
2.165328406744428776e+03
2.164507505864178711e+03
2.163691755523561369e+03
2.162881312762903235e+03
2.162076334622533977e+03
2.161276978142780990e+03
2.160483400363972578e+03
2.159695758326436135e+03
2.158914209070500874e+03
2.158138909636494191e+03
2.157370017064743024e+03
2.156607688395577497e+03
2.155852080669324550e+03
2.155103350926312487e+03
2.154361656206868247e+03
2.153627153551322408e+03
2.152900000000000091e+03
2.152180324931785890e+03
2.151468147079779101e+03
2.150763457515635309e+03
2.150066247311009192e+03
2.149376507537554971e+03
2.148694229266928232e+03
2.148019403570783652e+03
2.147352021520776361e+03
2.146692074188561037e+03
2.146039552645791900e+03
2.145394447964124538e+03
2.144756751215214535e+03
2.144126453470715205e+03
2.143503545802282588e+03
2.142888019281570905e+03
2.142279864980235288e+03
2.141679073969930414e+03
2.141085637322311413e+03
2.140499546109032963e+03
2.139920791401750193e+03
2.139349364272117782e+03
2.138785255791790405e+03
2.138228457032422739e+03
2.137678959065670824e+03
2.137136752963187973e+03
2.136601829796630227e+03
2.136074180637652717e+03
2.135553796557908754e+03
2.135040668629055290e+03
2.134534787922745181e+03
2.134036145510634014e+03
2.133544732464377375e+03
2.133060539855629486e+03
2.132583558756045022e+03
2.132113780237279116e+03
2.131651195370986898e+03
2.131195795228823044e+03
2.130747570882442233e+03
2.130306513403499594e+03
2.129872613863649804e+03
2.129445863334547539e+03
2.129026252887848386e+03
2.128613773595206567e+03
2.128208416528277667e+03
2.127810172758715453e+03
2.127419033358175966e+03
2.127034989398312973e+03
2.126658031950782060e+03
2.126288152087237904e+03
2.125925340879335636e+03
2.125569589398729931e+03
2.125220888717075013e+03
2.124879229906026922e+03
2.124544604037239878e+03
2.124217002182369015e+03
2.123896415413069008e+03
2.123582834800994078e+03
2.123276251417800722e+03
2.122976656335142707e+03
2.122684040624674708e+03
2.122398395358051857e+03
2.122119711606929741e+03
2.121847980442962125e+03
2.121583192937804597e+03
2.121325340163111377e+03
2.121074413190538507e+03
2.120830403091739754e+03
2.120593300938370248e+03
2.120363097802084667e+03
2.120139784754539050e+03
2.119923352867386711e+03
2.119713793212283690e+03
2.119511096860883299e+03
2.119315254884842489e+03
2.119126258355814571e+03
2.118944098345455586e+03
2.118768765925419757e+03
2.118600252167361759e+03
2.118438548142936725e+03
2.118283644923799784e+03
2.118135533581605159e+03
2.117994205188007982e+03
2.117859650814663837e+03
2.117731861533226493e+03
2.117610828415351534e+03
2.117496542532693638e+03
2.117388994956907936e+03
2.117288176759648195e+03
2.117194079012570455e+03
2.117106692787329393e+03
2.117026009155579686e+03
2.116952019188976010e+03
2.116884713959173951e+03
2.116824084537827730e+03
2.116770121996592479e+03
2.116722817407122875e+03
2.116682161841074048e+03
2.116648146370101131e+03
2.116620762065857889e+03
2.116599999999999909e+03
2.116585832811081673e+03
2.116578159405256429e+03
2.116576860255575866e+03
2.116581815835093039e+03
2.116592906616860091e+03
2.116610013073929167e+03
2.116633015679354230e+03
2.116661794906186060e+03
2.116696231227478165e+03
2.116736205116281781e+03
2.116781597045650415e+03
2.116832287488636666e+03
2.116888156918292225e+03
2.116949085807669690e+03
2.117014954629822114e+03
2.117085643857802097e+03
2.117161033964660874e+03
2.117241005423451952e+03
2.117325438707227477e+03
2.117414214289040046e+03
2.117507212641942715e+03
2.117604314238986262e+03
2.117705399553224197e+03
2.117810349057709118e+03
2.117919043225494079e+03
2.118031362529629405e+03
2.118147187443169514e+03
2.118266398439166551e+03
2.118388875990672659e+03
2.118514500570739983e+03
2.118643152652422032e+03
2.118774712708770039e+03
2.118909061212837059e+03
2.119046078637675691e+03
2.119185645456338079e+03
2.119327642141877277e+03
2.119471949167344974e+03
2.119618447005793769e+03
2.119767016130276716e+03
2.119917537013845504e+03
2.120069890129553642e+03
2.120223955950452364e+03
2.120379614949594725e+03
2.120536747600033323e+03
2.120695234374820757e+03
2.120854955747008717e+03
2.121015792189650256e+03
2.121177624175797973e+03
2.121340332178504468e+03
2.121503796670820975e+03
2.121667898125801457e+03
2.121832517016497604e+03
2.121997533815962015e+03
2.122162828997246834e+03
2.122328283033405114e+03
2.122493776397489000e+03
2.122659189562551092e+03
2.122824403001643532e+03
2.122989297187819375e+03
2.123153752594131220e+03
2.123317649693630301e+03
2.123480868959369673e+03
2.123643290864402388e+03
2.123804795881780592e+03
2.123965264484556428e+03
2.124124577145782041e+03
2.124282614338511394e+03
2.124439256535795266e+03
2.124594384210687167e+03
2.124747877836239240e+03
2.124899617885504085e+03
2.125049484831533391e+03
2.125197359147381121e+03
2.125343121306098510e+03
2.125486651780738157e+03
2.125627831044352661e+03
2.125766539569995530e+03
2.125902657830717089e+03
2.126036066299571303e+03
2.126166645449610769e+03
2.126294275753887632e+03
2.126418837685453127e+03
2.126540211717361672e+03
2.126658278322665410e+03
2.126772917974415122e+03
2.126884011145665227e+03
2.126991438309466957e+03
2.127095079938873369e+03
2.127194816506937059e+03
2.127290528486709263e+03
2.127382096351244400e+03
2.127469400573593248e+03
2.127552321626809317e+03
2.127630739983944750e+03
2.127704536118051692e+03
2.127773590502183197e+03
2.127837783609390954e+03
2.127896995912728471e+03
2.127951107885246984e+03
2.128000000000000000e+03
2.128043580023886534e+03
2.128081864899194898e+03
2.128114898862060727e+03
2.128142726148618294e+03
2.128165390995004145e+03
2.128182937637352552e+03
2.128195410311799151e+03
2.128202853254479578e+03
2.128205310701528560e+03
2.128202826889080825e+03
2.128195446053272917e+03
2.128183212430239564e+03
2.128166170256115947e+03
2.128144363767037703e+03
2.128117837199139558e+03
2.128086634788557149e+03
2.128050800771425656e+03
2.128010379383880263e+03
2.127965414862056150e+03
2.127915951442088499e+03
2.127862033360113401e+03
2.127803704852265582e+03
2.127741010154680225e+03
2.127673993503492056e+03
2.127602699134837621e+03
2.127527171284850738e+03
2.127447454189668406e+03
2.127363592085423988e+03
2.127275629208254486e+03
2.127183609794294171e+03
2.127087578079677769e+03
2.126987578300542737e+03
2.126883654693021981e+03
2.126775851493252048e+03
2.126664212937367665e+03
2.126548783261504468e+03
2.126429606701797638e+03
2.126306727494381903e+03
2.126180189875393808e+03
2.126050038080967170e+03
2.125916316347238535e+03
2.125779068910342176e+03
2.125638340006413728e+03
2.125494173871588373e+03
2.125346614742001748e+03
2.125195706853788579e+03
2.125041494443084503e+03
2.124884021746025155e+03
2.124723332998744809e+03
2.124559472437379554e+03
2.124392484298064574e+03
2.124222412816934593e+03
2.124049302230125249e+03
2.123873196773772179e+03
2.123694140684010108e+03
2.123512178196974219e+03
2.123327353548800602e+03
2.123139710975623530e+03
2.122949294713578638e+03
2.122756148998801109e+03
2.122560318067427033e+03
2.122361846155591138e+03
2.122160777499428605e+03
2.121957156335073705e+03
2.121751026898663440e+03
2.121542433426332536e+03
2.121331420154215266e+03
2.121118031318448175e+03
2.120902311155166444e+03
2.120684303900504347e+03
2.120464053790597518e+03
2.120241605061581595e+03
2.120017001949592668e+03
2.119790288690763646e+03
2.119561509521232438e+03
2.119330708677132861e+03
2.119097930394600098e+03
2.118863218909769330e+03
2.118626618458777102e+03
2.118388173277757687e+03
2.118147927602846266e+03
2.117905925670178021e+03
2.117662211715888589e+03
2.117416829976114059e+03
2.117169824686987795e+03
2.116921240084646342e+03
2.116671120405225338e+03
2.116419509884859053e+03
2.116166452759682670e+03
2.115911993265832734e+03
2.115656175639443518e+03
2.115399044116649748e+03
2.115140642933587969e+03
2.114881016326393365e+03
2.114620208531200205e+03
2.114358263784144128e+03
2.114095226321361224e+03
2.113831140378986220e+03
2.113566050193154297e+03
2.113300000000000182e+03
2.113033045093372039e+03
2.112765284997963590e+03
2.112496830296181997e+03
2.112227791570433055e+03
2.111958279403123925e+03
2.111688404376659946e+03
2.111418277073449190e+03
2.111148008075896996e+03
2.110877707966410526e+03
2.110607487327394665e+03
2.110337456741257483e+03
2.110067726790405231e+03
2.109798408057243705e+03
2.109529611124179155e+03
2.109261446573619651e+03
2.108994024987970533e+03
2.108727456949637599e+03
2.108461853041028007e+03
2.108197323844548464e+03
2.107933979942605220e+03
2.107671931917604525e+03
2.107411290351953085e+03
2.107152165828057150e+03
2.106894668928323426e+03
2.106638910235157709e+03
2.106385000330967159e+03
2.106133049798158481e+03
2.105883169219137926e+03
2.105635469176310380e+03
2.105390060252084368e+03
2.105147053028865685e+03
2.104906558089060127e+03
2.104668686015074854e+03
2.104433547389316573e+03
2.104201252794191532e+03
2.103971912812105074e+03
2.103745638025465269e+03
2.103522539016677911e+03
2.103302726368148797e+03
2.103086310662285086e+03
2.102873402481493486e+03
2.102664112408180245e+03
2.102458551024750705e+03
2.102256828913612935e+03
2.102059056657172732e+03
2.101865344837836801e+03
2.101675804038010483e+03
2.101490544840101848e+03
2.101309677826516236e+03
2.101133313579660353e+03
2.100961562681940904e+03
2.100794535715764141e+03
2.100632343263536768e+03
2.100475095907665036e+03
2.100322904230554741e+03
2.100175878814613498e+03
2.100034130242247556e+03
2.099897769095862259e+03
2.099766905957865220e+03
2.099641651410663144e+03
2.099522116036661373e+03
2.099408410418266158e+03
2.099300645137885567e+03
2.099198930777924943e+03
2.099103377920790990e+03
2.099014097148889505e+03
2.098931199044628102e+03
2.098854794190412576e+03
2.098784993168649635e+03
2.098721906561745072e+03
2.098665644952106504e+03
2.098616318922139271e+03
2.098574039054250079e+03
2.098538915930845633e+03
2.098511060134332638e+03
2.098490582247117345e+03
2.098477592851606005e+03
2.098472202530204868e+03
2.098474521865321094e+03
2.098484661439360480e+03
2.098502731834729275e+03
2.098528843633835095e+03
2.098563107419083735e+03
2.098605633772880992e+03
2.098656533277634026e+03
2.098715916515749541e+03
2.098783894069633789e+03
2.098860576521692110e+03
2.098946074454332575e+03
2.099040498449960978e+03
2.099143959090984026e+03
2.099256566959807060e+03
2.099378432638837694e+03
2.099509666710482634e+03
2.099650379757147675e+03
2.099800682361238614e+03
2.099960685105163520e+03
2.100130498571327280e+03
2.100310233342137963e+03
2.100500000000000000e+03
2.100699861202626835e+03
2.100909687908951582e+03
2.101129303153213186e+03
2.101358529969650135e+03
2.101597191392501827e+03
2.101845110456007205e+03
2.102102110194404304e+03
2.102368013641933885e+03
2.102642643832832619e+03
2.102925823801340812e+03
2.103217376581697408e+03
2.103517125208140897e+03
2.103824892714910220e+03
2.104140502136244322e+03
2.104463776506382601e+03
2.104794538859563545e+03
2.105132612230025643e+03
2.105477819652008293e+03
2.105829984159750438e+03
2.106188928787491022e+03
2.106554476569468989e+03
2.106926450539923280e+03
2.107304673733092841e+03
2.107688969183215704e+03
2.108079159924532178e+03
2.108475068991280295e+03
2.108876519417699001e+03
2.109283334238027237e+03
2.109695336486504402e+03
2.110112349197368530e+03
2.110534195404859929e+03
2.110960698143216632e+03
2.111391680446677128e+03
2.111826965349481270e+03
2.112266375885867092e+03
2.112709735090074446e+03
2.113156865996341821e+03
2.113607591638907707e+03
2.114061735052011500e+03
2.114519119269892144e+03
2.114979567326788128e+03
2.115442902256938851e+03
2.115908947094583255e+03
2.116377524873959828e+03
2.116848458629307970e+03
2.117321571394866169e+03
2.117796686204872913e+03
2.118273626093568055e+03
2.118752214095190539e+03
2.119232273243978398e+03
2.119713626574171485e+03
2.120196097120008289e+03
2.120679507915727754e+03
2.121163681995569277e+03
2.121648442393770438e+03
2.122133612144571089e+03
2.122619014282210628e+03
2.123104471840927090e+03
2.123589807854959417e+03
2.124074845358547464e+03
2.124559407385929262e+03
2.125043316971343302e+03
2.125526397149030345e+03
2.126008470953227061e+03
2.126489361418173758e+03
2.126968891578109378e+03
2.127446884467272412e+03
2.127923163119901346e+03
2.128397550570236035e+03
2.128869869852515421e+03
2.129339944000977084e+03
2.129807596049861786e+03
2.130272649033407106e+03
2.130734925985852442e+03
2.131194249941436283e+03
2.131650443934398027e+03
2.132103330998976617e+03
2.132552734169410996e+03
2.132998476479939200e+03
2.133440380964801534e+03
2.133878270658236033e+03
2.134311968594481641e+03
2.134741297807777755e+03
2.135166081332362864e+03
2.135586142202475912e+03
2.136001303452355387e+03
2.136411388116241596e+03
2.136816219228372120e+03
2.137215619822986355e+03
2.137609412934323245e+03
2.137997421596622189e+03
2.138379468844121220e+03
2.138755377711059737e+03
2.139124971231676227e+03
2.139488072440209635e+03
2.139844504370900268e+03
2.140194090057985250e+03
2.140536652535704434e+03
2.140872014838296309e+03
2.141199999999999818e+03
2.141520457596120650e+03
2.141833343366230565e+03
2.142138639590966250e+03
2.142436328550967119e+03
2.142726392526868949e+03
2.143008813799312065e+03
2.143283574648932245e+03
2.143550657356368902e+03
2.143810044202258723e+03
2.144061717467241124e+03
2.144305659431952336e+03
2.144541852377031319e+03
2.144770278583114305e+03
2.144990920330841618e+03
2.145203759900849491e+03
2.145408779573776883e+03
2.145605961630260026e+03
2.145795288350938335e+03
2.145976742016448497e+03
2.146150304907429472e+03
2.146315959304518401e+03
2.146473687488353789e+03
2.146623471739572778e+03
2.146765294338814329e+03
2.146899137566714671e+03
2.147024983703912767e+03
2.147142815031046666e+03
2.147252613828753510e+03
2.147354362377671805e+03
2.147448042958439146e+03
2.147533637851694039e+03
2.147611129338072715e+03
2.147680499698215044e+03
2.147741731212757259e+03
2.147794806162338773e+03
2.147839706827595364e+03
2.147876415489167812e+03
2.147904914427690983e+03
2.147925185923804747e+03
2.147937212258145792e+03
2.147940975711353076e+03
2.147936458564063742e+03
2.147923643096916294e+03
2.147902511590547419e+03
2.147873046325596533e+03
2.147835229582700322e+03
2.147789043642496836e+03
2.147734470785624580e+03
2.147671493292720697e+03
2.147600093444423692e+03
2.147520253521371160e+03
2.147431955804201152e+03
2.147335182573550810e+03
2.147229916110058639e+03
2.147116138694362689e+03
2.146993832607100558e+03
2.146862980128910294e+03
2.146723563540429495e+03
2.146575565122295757e+03
2.146418967155148039e+03
2.146253751919623028e+03
2.146079901696359229e+03
2.145897398765994240e+03
2.145706225409166109e+03
2.145506363906512888e+03
2.145297796538672628e+03
2.145080505586282015e+03
2.144854473329980010e+03
2.144619682050404663e+03
2.144376114028192660e+03
2.144123751543982962e+03
2.143862576878413620e+03
2.143592572312120865e+03
2.143313720125744112e+03
2.143026002599921412e+03
2.142729402015289452e+03
2.142423900652487191e+03
2.142109480792151317e+03
2.141786124714920788e+03
2.141453814701432748e+03
2.141112533032326155e+03
2.140762261988237697e+03
2.140402983849805878e+03
2.140034680897668295e+03
2.139657335412462544e+03
2.139270929674827130e+03
2.138875445965400104e+03
2.138470866564818152e+03
2.138057173753720690e+03
2.137634349812743949e+03
2.137202377022527344e+03
2.136761237663707561e+03
2.136310914016923562e+03
2.135851388362812031e+03
2.135382642982011930e+03
2.134904660155160400e+03
2.134417422162895946e+03
2.133920911285855254e+03
2.133415109804677286e+03
2.132900000000000091e+03
2.132375612712889506e+03
2.131842173026126147e+03
2.131299954582921146e+03
2.130749231026482903e+03
2.130190276000020731e+03
2.129623363146744396e+03
2.129048766109864573e+03
2.128466758532589665e+03
2.127877614058129438e+03
2.127281606329694114e+03
2.126679008990492548e+03
2.126070095683734507e+03
2.125455140052629758e+03
2.124834415740387612e+03
2.124208196390217836e+03
2.123576755645330650e+03
2.122940367148934456e+03
2.122299304544239021e+03
2.121653841474455021e+03
2.121004251582790857e+03
2.120350808512456297e+03
2.119693785906661560e+03
2.119033457408615959e+03
2.118370096661528351e+03
2.117703977308609865e+03
2.117035372993068449e+03
2.116364557358114780e+03
2.115691804046957714e+03
2.115017386702807471e+03
2.114341578968873364e+03
2.113664654488364249e+03
2.112986886904490802e+03
2.112308549860462790e+03
2.111629916999488614e+03
2.110951261964778496e+03
2.110272858399541747e+03
2.109594979946988133e+03
2.108917900250328330e+03
2.108241892952770286e+03
2.107567231697523312e+03
2.106894190127798993e+03
2.106223041886805277e+03
2.105554060617751929e+03
2.104887519963849627e+03
2.104223693568306771e+03
2.103562855074333584e+03
2.102905278125138921e+03
2.102251236363933003e+03
2.101601003433925598e+03
2.100954852978325107e+03
2.100313058640343115e+03
2.099675894063187570e+03
2.099043632890068238e+03
2.098416548764194886e+03
2.097794915328777734e+03
2.097179006227025184e+03
2.096569095102147912e+03
2.095965455597355231e+03
2.095368361355856450e+03
2.094778086020860883e+03
2.094194903235579204e+03
2.093619086643219816e+03
2.093050909886992940e+03
2.092490646610107433e+03
2.091938570455774425e+03
2.091394955067201408e+03
2.090860074087599514e+03
2.090334201160178054e+03
2.089817609928145885e+03
2.089310574034713682e+03
2.088813367123090757e+03
2.088326262836485512e+03
2.087849534818109078e+03
2.087383456711170311e+03
2.086928302158878523e+03
2.086484344804443936e+03
2.086051858291075860e+03
2.085631116261983152e+03
2.085222392360376944e+03
2.084825960229466091e+03
2.084442093512459451e+03
2.084071065852567244e+03
2.083713150892999693e+03
2.083368622276965198e+03
2.083037753647673526e+03
2.082720818648335808e+03
2.082418090922159536e+03
2.082129844112354476e+03
2.081856351862132215e+03
2.081597887814700698e+03
2.081354725613269238e+03
2.081127138901048511e+03
2.080915401321247373e+03
2.080719786517075590e+03
2.080540568131742930e+03
2.080378019808459158e+03
2.080232415190433130e+03
2.080104027920874614e+03
2.079993131642994285e+03
2.079900000000000091e+03
2.079824845552321676e+03
2.079767636529263655e+03
2.079728280077349154e+03
2.079706683343103123e+03
2.079702753473048233e+03
2.079716397613709432e+03
2.079747522911609849e+03
2.079796036513272611e+03
2.079861845565222211e+03
2.079944857213983141e+03
2.080044978606078075e+03
2.080162116888031505e+03
2.080296179206366560e+03
2.080447072707607276e+03
2.080614704538278147e+03
2.080798981844902301e+03
2.080999811774003319e+03
2.081217101472105242e+03
2.081450758085732559e+03
2.081700688761407946e+03
2.081966800645655439e+03
2.082249000884999987e+03
2.082547196625963352e+03
2.082861295015071391e+03
2.083191203198847234e+03
2.083536828323813552e+03
2.083898077536495293e+03
2.084274857983415586e+03
2.084667076811098923e+03
2.085074641166068886e+03
2.085497458194849514e+03
2.085935435043963025e+03
2.086388478859935276e+03
2.086856496789289395e+03
2.087339395978548509e+03
2.087837083574237113e+03
2.088349466722879242e+03
2.088876452570997117e+03
2.089417948265116138e+03
2.089973860951759889e+03
2.090544097777451498e+03
2.091128565888715457e+03
2.091727172432075349e+03
2.092339824554054303e+03
2.092966429401176811e+03
2.093606894119967365e+03
2.094261125856948183e+03
2.094929031758643760e+03
2.095610518971578131e+03
2.096305494642274880e+03
2.097013865917257590e+03
2.097735539943050298e+03
2.098470423866177043e+03
2.099218424833161407e+03
2.099979449990526973e+03
2.100753406484797779e+03
2.101540201462497407e+03
2.102339742070149896e+03
2.103151935454278373e+03
2.103976688761407786e+03
2.104813909138061263e+03
2.105663503730762386e+03
2.106525379686035649e+03
2.107399444150403724e+03
2.108285604270391559e+03
2.109183767192522737e+03
2.110093840063320386e+03
2.111015730029308543e+03
2.111949344237011246e+03
2.112894589832952988e+03
2.113851373963655988e+03
2.114819603775645191e+03
2.115799186415443728e+03
2.116790029029575635e+03
2.117792038764565405e+03
2.118805122766935710e+03
2.119829188183210590e+03
2.120864142159914991e+03
2.121909891843571586e+03
2.122966344380703504e+03
2.124033406917836146e+03
2.125110986601492641e+03
2.126198990578196572e+03
2.127297325994471976e+03
2.128405899996842436e+03
2.129524619731831081e+03
2.130653392345963766e+03
2.131792124985762712e+03
2.132940724797751045e+03
2.134099098928455078e+03
2.135267154524396119e+03
2.136444798732098661e+03
2.137631938698087197e+03
2.138828481568885309e+03
2.140034334491016125e+03
2.141249404611003683e+03
2.142473599075372022e+03
2.143706825030645177e+03
2.144948989623346279e+03
2.146199999999999818e+03
2.147459755677823978e+03
2.148728125656819884e+03
2.150004971307681899e+03
2.151290154001105293e+03
2.152583535107785792e+03
2.153884975998418213e+03
2.155194338043698281e+03
2.156511482614320357e+03
2.157836271080981078e+03
2.159168564814374349e+03
2.160508225185195897e+03
2.161855113564140538e+03
2.163209091321903998e+03
2.164570019829182456e+03
2.165937760456669821e+03
2.167312174575060908e+03
2.168693123555052807e+03
2.170080468767338971e+03
2.171474071582615579e+03
2.172873793371577449e+03
2.174279495504919851e+03
2.175691039353338965e+03
2.177108286287528699e+03
2.178531097678185233e+03
2.179959334896003384e+03
2.181392859311677967e+03
2.182831532295905163e+03
2.184275215219379334e+03
2.185723769452796205e+03
2.187177056366851502e+03
2.188634937332239588e+03
2.190097273719655732e+03
2.191563926899796115e+03
2.193034758243354645e+03
2.194509629121027956e+03
2.195988400903509500e+03
2.197470934961496368e+03
2.198957092665682922e+03
2.200446735386764885e+03
2.201939724495436622e+03
2.203435921362394311e+03
2.204935187358332769e+03
2.206437383853946812e+03
2.207942372219932167e+03
2.209450013826984105e+03
2.210960170045797895e+03
2.212472702247068355e+03
2.213987471801491665e+03
2.215504340079761732e+03
2.217023168452575192e+03
2.218543818290625950e+03
2.220066150964609733e+03
2.221590027845222721e+03
2.223115310303158822e+03
2.224641859709114215e+03
2.226169537433783717e+03
2.227698204847862144e+03
2.229227723322045676e+03
2.230757954227029131e+03
2.232288758933506870e+03
2.233819998812175527e+03
2.235351535233729919e+03
2.236883229568865318e+03
2.238414943188276084e+03
2.239946537462659307e+03
2.241477873762707986e+03
2.243008813459119210e+03
2.244539217922586886e+03
2.246068948523806739e+03
2.247597866633474496e+03
2.249125833622284972e+03
2.250652710860933894e+03
2.252178359720115623e+03
2.253702641570525884e+03
2.255225417782859040e+03
2.256746549727812180e+03
2.258265898776079212e+03
2.259783326298355860e+03
2.261298693665336941e+03
2.262811862247718182e+03
2.264322693416194852e+03
2.265831048541461769e+03
2.267336788994214203e+03
2.268839776145147425e+03
2.270339871364956707e+03
2.271836936024337774e+03
2.273330831493985443e+03
2.274821419144594529e+03
2.276308560346861213e+03
2.277792116471479858e+03
2.279271948889145733e+03
2.280747918970555475e+03
2.282219888086402534e+03
2.283687717607383547e+03
2.285151268904192420e+03
2.286610403347525789e+03
2.288064982308078015e+03
2.289514867156543914e+03
2.290959919263619213e+03
2.292400000000000091e+03
2.293834970736380455e+03
2.295264692843456487e+03
2.296689027691923002e+03
2.298107836652474361e+03
2.299520981095807656e+03
2.300928322392616792e+03
2.302329721913597496e+03
2.303725041029444583e+03
2.305114141110854234e+03
2.306496883528519902e+03
2.307873129653139131e+03
2.309242740855405373e+03
2.310605578506014808e+03
2.311961503975662708e+03
2.313310378635043890e+03
2.314652063854852713e+03
2.315986421005786269e+03
2.317313311458538465e+03
2.318632596583805025e+03
2.319944137752282131e+03
2.321247796334662780e+03
2.322543433701644062e+03
2.323830911223920339e+03
2.325110090272187790e+03
2.326380832217140778e+03
2.327642998429475028e+03
2.328896450279884903e+03
2.330141049139066581e+03
2.331376656377714880e+03
2.332603133366525526e+03
2.333820341476193335e+03
2.335028142077413577e+03
2.336226396540881524e+03
2.337414966237292447e+03
2.338593712537341162e+03
2.339762496811723850e+03
2.340921180431134871e+03
2.342069624766269953e+03
2.343207691187824366e+03
2.344335241066492927e+03
2.345452135772971360e+03
2.346558236677954483e+03
2.347653405152137566e+03
2.348737502566216790e+03
2.349810390290886062e+03
2.350871929696841562e+03
2.351921982154777197e+03
2.352960409035390057e+03
2.353987071709374050e+03
2.355001831547425354e+03
2.356004549920238333e+03
2.356995088198508711e+03
2.357973307752931305e+03
2.358939069954201841e+03
2.359892236173015590e+03
2.360832667780068277e+03
2.361760226146053355e+03
2.362674772641667460e+03
2.363576168637605861e+03
2.364464275504563375e+03
2.365338954613234819e+03
2.366200067334316827e+03
2.367047475038503308e+03
2.367881039096490440e+03
2.368700620878972586e+03
2.369506081756645017e+03
2.370297283100204368e+03
2.371074086280344545e+03
2.371836352667760821e+03
2.372583943633148920e+03
2.373316720547204113e+03
2.374034544780620763e+03
2.374737277704095050e+03
2.375424780688322244e+03
2.376096915103996707e+03
2.376753542321815075e+03
2.377394523712471255e+03
2.378019720646660971e+03
2.378628994495079496e+03
2.379222206628422100e+03
2.379799218417384509e+03
2.380359891232661084e+03
2.380904086444947552e+03
2.381431665424938728e+03
2.381942489543330339e+03
2.382436420170817655e+03
2.382913318678095493e+03
2.383373046435859123e+03
2.383815464814804727e+03
2.384240435185625302e+03
2.384647818919018846e+03
2.385037477385679267e+03
2.385409271956301836e+03
2.385763064001581824e+03
2.386098714892214048e+03
2.386416085998894232e+03
2.386715038692317648e+03
2.386995434343179568e+03
2.387257134322175261e+03
2.387500000000000000e+03
